road141.png
1
147 244 74 163
road142.png
1
88 204 98 222
road143.png
1
32 148 73 191
road144.png
1
103 328 19 210
road145.png
1
132 264 29 166
road146.png
1
137 264 17 142
road147.png
1
129 259 27 161
road148.png
1
213 299 59 184
road149.png
1
123 277 36 158
road150.png
1
181 296 55 175
road151.png
1
147 266 37 186
road152.png
1
125 276 37 185
road153.png
1
111 346 0 299
road155.png
1
45 191 109 236
road158.png
1
168 225 112 170
road165.png
1
119 174 83 162
road166.png
1
53 114 177 241
road176.png
2
117 193 74 182
road178.png
1
52 115 134 201
road180.png
1
79 165 76 197
road183.png
3
163 208 143 191
road189.png
2
91 141 122 179
road190.png
1
85 131 133 181
road193.png
2
110 163 110 166
road194.png
2
83 155 162 239
road200.png
4
52 108 195 257
road204.png
1
127 236 125 233
road205.png
1
149 259 178 287
road207.png
2
33 75 214 255
road226.png
3
230 282 131 183
road300.png
2
134 205 117 218
road307.png
2
93 161 100 200
road309.png
2
126 197 172 242
road311.png
2
41 159 231 348
road318.png
2
68 165 211 307
road324.png
1
145 214 206 274
road331.png
2
102 160 183 242
road361.png
2
102 156 203 257
road459.png
3
158 216 313 383
road460.png
3
149 228 311 390
road462.png
3
151 237 319 399
road463.png
3
161 251 279 367
road464.png
3
152 209 262 319
road465.png
3
126 192 259 326
road466.png
3
128 217 263 351
road481.png
3
206 280 269 349
road495.png
2
129 190 200 260
road528.png
2
0 168 1 87
road544.png
3
148 202 276 330
road545.png
3
140 209 245 314
road545.png
3
56 100 315 359
road546.png
3
180 260 212 292
road546.png
3
71 119 305 354
road547.png
3
225 299 170 270
road547.png
3
71 120 304 357
road548.png
2
60 132 314 391
road560.png
2
145 189 254 298
road561.png
2
55 106 262 312
road562.png
2
73 130 275 332
road563.png
2
130 195 272 335
road564.png
2
141 217 305 382
road572.png
2
54 128 294 375
road573.png
2
69 163 315 399
road574.png
2
92 211 333 400
road576.png
2
57 99 154 195
road577.png
2
201 243 140 181
road578.png
2
223 270 134 180
road581.png
1
101 144 117 161
road784.png
2
76 115 251 300
road821.png
8
147 193 174 223
road822.png
6
156 214 166 231
road823.png
4
189 259 174 265
road824.png
4
209 286 170 282
road825.png
6
178 214 178 232
road841.png
2
135 178 298 342
road842.png
2
107 159 344 399
